1651141605.188742, 0
1651141605.215016, 2
1651141605.238180, 2
1651141605.263739, 3
1651141605.288820, 1
1651141605.314536, 0
1651141605.340691, 3
1651141605.373788, 4
1651141605.405488, 2
1651141605.430666, 3
1651141605.456800, 1
1651141605.482106, 3
1651141605.511251, 4
1651141605.535634, 3
1651141605.558696, 4
1651141605.586170, 4
1651141605.612353, 4
1651141605.631034, 5
1651141605.655630, 4
1651141605.678072, 2
1651141605.704422, 1
1651141605.730887, 2
1651141605.757094, 3
1651141605.784021, 2
1651141605.814034, 1
1651141605.835935, 2
1651141605.858300, 2
1651141605.885664, 3
1651141605.914969, 3
1651141605.951194, 4
1651141605.979570, 2
1651141606.013732, 3
1651141606.037131, 2
1651141606.060276, 1
1651141606.090083, 3
1651141606.119251, 2
1651141606.142386, 2
1651141606.166579, 2
1651141606.190942, 4
1651141606.216888, 5
1651141606.246208, 4
1651141606.267142, 5
1651141606.290649, 4
1651141606.316092, 1
1651141606.338147, 3
1651141606.365136, 3
1651141606.388392, 1
1651141606.418090, 2
1651141606.442461, 3
1651141606.466774, 4
1651141606.489963, 5
1651141606.522905, 3
1651141606.550196, 5
1651141606.576433, 5
1651141606.600907, 5
1651141606.624427, 5
1651141606.651695, 3
1651141606.678709, 3
1651141606.704574, 3
1651141606.727576, 3
1651141606.749124, 2
1651141606.776321, 5
1651141606.806123, 3
1651141606.831827, 3
1651141606.857610, 5
1651141606.897423, 3
1651141606.915550, 4
1651141606.934362, 3
1651141606.958681, 3
1651141606.982751, 2
1651141607.006736, 3
1651141607.037419, 4
1651141607.061044, 2
1651141607.089900, 3
1651141607.140968, 5
1651141607.192683, 4
1651141607.233482, 5
1651141607.272622, 2
1651141607.315952, 2
1651141607.356391, 3
1651141607.416302, 3
1651141607.483146, 4
1651141607.510983, 4
1651141607.534544, 5
1651141607.573404, 4
1651141607.603146, 2
1651141607.627766, 2
1651141607.653595, 2
1651141607.677223, 2
1651141607.701892, 2
1651141607.725205, 1
1651141607.747598, 3
1651141607.771210, 3
1651141607.795237, 4
1651141607.818462, 5
1651141607.840525, 5
1651141607.861918, 5
1651141607.886458, 4
1651141607.920171, 4
1651141607.949262, 2
1651141607.973193, 3
1651141607.995085, 2
1651141608.020813, 3
1651141608.054159, 2
1651141608.081665, 2
1651141608.112455, 4
1651141608.140110, 4
1651141608.164065, 4
1651141608.189094, 5
1651141608.214895, 5
1651141608.237520, 3
1651141608.272206, 1
1651141608.301042, 3
1651141608.333288, 1
1651141608.362150, 3
1651141608.385850, 2
1651141608.406845, 3
1651141608.432871, 3
1651141608.455805, 3
1651141608.482508, 4
1651141608.510622, 5
1651141608.540150, 4
1651141608.563545, 2
1651141608.588084, 2
1651141608.615211, 2
1651141608.639686, 2
1651141608.662233, 3
1651141608.689763, 1
1651141608.712601, 3
1651141608.735629, 3
1651141608.758967, 3
1651141608.783550, 4
1651141608.809251, 4
1651141608.832952, 4
1651141608.859870, 3
1651141608.883453, 1
1651141608.910384, 2
1651141608.949758, 3
1651141608.978724, 2
1651141609.002626, 3
1651141609.026738, 3
1651141609.053608, 3
1651141609.080616, 3
1651141609.103348, 4
1651141609.128298, 5
1651141609.152505, 4
1651141609.181488, 5
1651141609.210939, 3
1651141609.239913, 1
1651141609.265435, 2
1651141609.289163, 2
1651141609.313769, 2
1651141609.337976, 3
1651141609.365751, 2
1651141609.390096, 3
1651141609.413214, 3
1651141609.436959, 3
1651141609.462620, 5
1651141609.489939, 4
1651141609.514872, 4
1651141609.539576, 2
1651141609.570198, 3
1651141609.600616, 3
1651141609.625514, 3
1651141609.649106, 2
1651141609.677088, 2
1651141609.706605, 2
1651141609.736608, 3
1651141609.773959, 3
1651141609.800589, 5
1651141609.831371, 5
1651141609.862846, 4
1651141609.894999, 2
1651141609.930591, 3
1651141609.961543, 2
1651141609.989846, 4
1651141610.019876, 4
1651141610.050649, 3
1651141610.079247, 5
1651141610.104631, 5
1651141610.129769, 4
1651141610.154791, 5
1651141610.180749, 3
1651141610.218768, 2
1651141610.251473, 3
1651141610.272514, 3
1651141610.297183, 2
1651141610.322433, 2
1651141610.346631, 3
1651141610.373667, 4
1651141610.398106, 4
1651141610.422261, 4
1651141610.447455, 4
1651141610.471365, 4
1651141610.496625, 2
1651141610.522684, 3
1651141610.544127, 2
1651141610.572752, 1
1651141610.597223, 1
1651141610.617474, 2
1651141610.642896, 4
1651141610.671819, 3
1651141610.695842, 3
1651141610.719302, 4
1651141610.748189, 4
1651141610.776620, 4
1651141610.799601, 3
1651141610.823798, 2
1651141610.851646, 2
1651141610.878127, 4
1651141610.906931, 1
1651141610.940670, 3
1651141610.970520, 3
1651141611.011556, 4
1651141611.052144, 4
1651141611.076126, 5
1651141611.107778, 5
1651141611.131146, 5
1651141611.154050, 3
1651141611.178675, 3
1651141611.202065, 3
1651141611.226032, 2
1651141611.249582, 1
1651141611.272800, 1
1651141611.296038, 2
1651141611.318919, 4
1651141611.343563, 4
1651141611.374782, 3
1651141611.398451, 4
1651141611.422404, 5
1651141611.448861, 3
1651141611.474975, 1
1651141611.497800, 1
1651141611.520261, 2
1651141611.549071, 2
1651141611.572858, 3
1651141611.595083, 4
1651141611.619330, 3
1651141611.644335, 2
1651141611.666723, 4
1651141611.689412, 4
1651141611.713769, 4
1651141611.740360, 5
1651141611.765700, 5
1651141611.787760, 5
1651141611.816662, 4
1651141611.841383, 3
1651141611.866060, 1
1651141611.891220, 2
1651141611.916961, 2
1651141611.944083, 2
1651141611.970696, 3
1651141611.993772, 3
1651141612.019863, 4
1651141612.043805, 4
1651141612.067897, 5
1651141612.100130, 5
1651141612.126677, 3
1651141612.151296, 2
1651141612.182732, 2
1651141612.210078, 3
1651141612.235637, 2
1651141612.259614, 3
1651141612.283473, 2
1651141612.310261, 3
1651141612.336764, 4
1651141612.362312, 4
1651141612.388727, 5
1651141612.412459, 4
1651141612.437619, 5
1651141612.461187, 2
1651141612.485021, 3
1651141612.510433, 4
1651141612.533103, 1
1651141612.560918, 2
1651141612.585265, 3
1651141612.608372, 2
1651141612.631809, 2
1651141612.655685, 4
1651141612.678571, 4
1651141612.700169, 3
1651141612.722750, 4
1651141612.744828, 5
1651141612.767267, 2
1651141612.789562, 1
1651141612.812035, 1
1651141612.834195, 1
1651141612.856938, 1
1651141612.881880, 2
1651141612.906115, 3
1651141612.932563, 3
1651141612.956062, 4
1651141612.978660, 3
1651141613.002114, 4
1651141613.045182, 4
1651141613.074747, 4
1651141613.098336, 2
1651141613.121981, 2
1651141613.144303, 1
1651141613.170610, 0
1651141613.194490, 1
1651141613.218876, 4
1651141613.251042, 3
1651141613.274847, 3
1651141613.297829, 3
1651141613.319718, 3
1651141613.343223, 5
1651141613.366787, 5
1651141613.391022, 5
1651141613.415860, 1
1651141613.440020, 3
1651141613.463888, 3
1651141613.489011, 2
1651141613.514502, 4
1651141613.537667, 2
1651141613.560893, 2
1651141613.588633, 3
1651141613.620594, 4
1651141613.643805, 4
1651141613.666856, 4
1651141613.692949, 4
1651141613.717680, 2
1651141613.740933, 1
1651141613.762503, 2
1651141613.784805, 3
1651141613.806385, 4
1651141613.828858, 4
1651141613.851423, 4
1651141613.876583, 3
1651141613.902311, 2
1651141613.927423, 3
1651141613.950137, 2
1651141613.974848, 4
1651141613.998360, 5
1651141614.020615, 5
1651141614.044252, 5
1651141614.067850, 4
1651141614.091214, 2
1651141614.113543, 1
1651141614.135054, 0
1651141614.160703, 2
1651141614.184056, 3
1651141614.207352, 3
1651141614.230538, 4
1651141614.259982, 4
1651141614.285466, 3
1651141614.310483, 4
1651141614.339133, 5
1651141614.380104, 4
1651141614.424541, 1
1651141614.458372, 2
1651141614.505363, 2
1651141614.538142, 3
1651141614.569943, 2
1651141614.603879, 4
1651141614.637074, 3
1651141614.670040, 4
1651141614.703276, 4
1651141614.737799, 1
1651141614.770621, 1
1651141614.804065, 2
1651141614.837420, 2
1651141614.869307, 2
1651141614.904710, 3
1651141614.942676, 3
1651141614.974232, 3
1651141615.006162, 4
1651141615.038853, 4
1651141615.078136, 1
1651141615.120240, 0
1651141615.155713, 3
1651141615.192663, 1
1651141615.225361, 3
1651141615.262473, 3
1651141615.299578, 4
1651141615.336055, 5
1651141615.374909, 3
1651141615.409594, 1
1651141615.443574, 2
1651141615.482669, 3
1651141615.517463, 4
1651141615.551729, 3
1651141615.585110, 4
1651141615.618462, 3
1651141615.662869, 4
1651141615.697211, 4
1651141615.735430, 5
1651141615.769201, 2
1651141615.804598, 1
1651141615.840985, 1
1651141615.878142, 1
1651141615.914239, 3
1651141615.950269, 3
1651141615.985144, 3
1651141616.021246, 3
1651141616.056195, 5
1651141616.094605, 4
1651141616.130971, 1
1651141616.163624, 1
1651141616.201941, 2
1651141616.238274, 1
1651141616.271572, 2
1651141616.302674, 4
1651141616.337075, 4
1651141616.370663, 4
1651141616.406939, 4
1651141616.442643, 2
1651141616.478864, 3
1651141616.514232, 2
1651141616.543146, 2
1651141616.580448, 1
1651141616.613968, 3
1651141616.649867, 4
1651141616.682296, 4
1651141616.714253, 4
1651141616.750947, 3
1651141616.785116, 0
1651141616.819375, 2
1651141616.852646, 2
1651141616.887159, 3
1651141616.941362, 2
1651141616.978474, 2
1651141617.012854, 4
1651141617.052385, 3
1651141617.086756, 4
1651141617.124712, 2
1651141617.157194, 1
1651141617.191024, 4
1651141617.227258, 2
1651141617.259281, 2
1651141617.299794, 1
1651141617.331606, 4
1651141617.366939, 4
1651141617.401873, 5
1651141617.442417, 5
1651141617.483561, 1
1651141617.527241, 1
1651141617.562462, 2
1651141617.593349, 3
1651141617.627069, 2
1651141617.661005, 4
1651141617.697020, 3
1651141617.729991, 5
1651141617.771115, 4
1651141617.808374, 2
1651141617.844164, 3
1651141617.878409, 1
1651141617.911503, 3
1651141617.948449, 2
1651141617.988695, 3
1651141618.023486, 5
1651141618.061580, 4
1651141618.099485, 4
1651141618.137435, 1
1651141618.175581, 3
1651141618.208850, 1
1651141618.245878, 2
1651141618.282451, 1
1651141618.321224, 4
1651141618.347146, 2
1651141618.372348, 3
1651141618.395846, 3
1651141618.418259, 4
1651141618.439637, 4
1651141618.463200, 4
1651141618.496212, 4
1651141618.521997, 1
1651141618.547615, 1
1651141618.573231, 0
1651141618.599501, 4
1651141618.628678, 3
1651141618.657547, 1
1651141618.685860, 2
1651141618.713238, 3
1651141618.739423, 4
1651141618.766349, 5
1651141618.797512, 4
1651141618.833498, 2
1651141618.861477, 1
1651141618.888061, 4
1651141618.922938, 4
1651141618.949644, 2
1651141618.977124, 3
1651141619.005876, 3
1651141619.033517, 4
1651141619.063407, 4
1651141619.091757, 3
1651141619.119773, 4
1651141619.145488, 5
1651141619.172433, 4
1651141619.201920, 1
1651141619.229724, 2
1651141619.259962, 2
1651141619.281435, 2
1651141619.307072, 3
1651141619.333264, 4
1651141619.358650, 3
1651141619.382085, 4
1651141619.404009, 4
1651141619.429752, 4
1651141619.454026, 4
1651141619.475410, 3
1651141619.498218, 2
1651141619.519898, 1
1651141619.543227, 0
1651141619.567148, 1
1651141619.589810, 1
1651141619.615036, 2
1651141619.638461, 2
1651141619.659902, 2
1651141619.682648, 3
1651141619.705408, 3
1651141619.729978, 3
1651141619.753356, 4
1651141619.775876, 4
1651141619.798968, 4
1651141619.822730, 4
1651141619.846731, 5
1651141619.870698, 3
1651141619.897757, 2
1651141619.926220, 2
1651141619.961251, 1
1651141620.001286, 3
1651141620.041303, 2
1651141620.072713, 4
1651141620.106919, 5
1651141620.141632, 4
1651141620.182671, 4
1651141620.219448, 1
1651141620.255796, 3
1651141620.289805, 1
1651141620.321969, 4
1651141620.360616, 4
1651141620.394613, 3
1651141620.430819, 4
1651141620.469291, 4
1651141620.502230, 3
1651141620.536287, 2
1651141620.571167, 1
1651141620.606613, 2
1651141620.642328, 2
1651141620.674010, 2
1651141620.709207, 2
1651141620.740643, 4
1651141620.772897, 5
1651141620.813155, 4
1651141620.845926, 2
1651141620.878039, 3
1651141620.910444, 0
1651141620.943237, 3
1651141620.980632, 1
1651141621.013057, 2
1651141621.040103, 3
1651141621.067919, 3
1651141621.094158, 4
1651141621.125355, 4
1651141621.154420, 5
1651141621.180635, 4
1651141621.208003, 2
1651141621.234996, 1
1651141621.259242, 0
1651141621.284215, 2
1651141621.309504, 4
1651141621.334071, 3
1651141621.362981, 3
1651141621.390223, 2
1651141621.415672, 3
1651141621.441991, 4
1651141621.466928, 5
1651141621.492643, 4
1651141621.518312, 3
1651141621.543568, 1
1651141621.567713, 0
1651141621.595859, 1
1651141621.620702, 2
1651141621.644948, 3
1651141621.674466, 3
1651141621.700516, 2
1651141621.726960, 2
1651141621.752392, 3
1651141621.777380, 3
1651141621.802697, 4
1651141621.831477, 4
1651141621.855936, 4
1651141621.883622, 2
1651141621.910643, 1
1651141621.936851, 1
1651141621.962703, 2
1651141621.994762, 3
1651141622.020846, 1
1651141622.046583, 2
1651141622.073388, 2
1651141622.102786, 4
1651141622.128860, 4
1651141622.153963, 4
1651141622.178338, 3
1651141622.209132, 1
1651141622.234271, 2
1651141622.262749, 2
1651141622.287232, 1
1651141622.312630, 1
1651141622.338298, 2
1651141622.363237, 3
1651141622.391974, 3
1651141622.421989, 2
1651141622.446988, 4
1651141622.470989, 4
1651141622.497055, 5
1651141622.525453, 5
1651141622.555080, 3
1651141622.580311, 3
1651141622.605417, 2
1651141622.633649, 1
1651141622.660096, 1
1651141622.686125, 3
1651141622.712588, 4
1651141622.738308, 3
1651141622.765224, 3
1651141622.790741, 4
1651141622.817526, 4
1651141622.841308, 4
1651141622.872233, 2
1651141622.901498, 2
1651141622.927816, 0
1651141622.954335, 2
1651141622.981578, 1
1651141623.007702, 2
1651141623.032043, 2
1651141623.059324, 3
1651141623.086004, 2
1651141623.110489, 3
1651141623.135717, 4
1651141623.165019, 4
1651141623.190604, 4
1651141623.214129, 5
1651141623.239331, 3
1651141623.263673, 3
1651141623.289151, 1
1651141623.313952, 1
1651141623.339361, 2
1651141623.365276, 2
1651141623.391584, 2
1651141623.418400, 2
1651141623.444487, 3
1651141623.470705, 3
1651141623.501205, 3
1651141623.527558, 4
1651141623.552632, 3
1651141623.579512, 2
1651141623.606960, 1
1651141623.632381, 1
1651141623.656755, 3
1651141623.684366, 3
1651141623.709789, 2
1651141623.734980, 1
1651141623.768360, 2
1651141623.795920, 3
1651141623.823024, 4
1651141623.849872, 4
1651141623.874906, 4
1651141623.900969, 5
1651141623.926927, 4
1651141623.953556, 1
1651141623.977561, 1
1651141624.005757, 2
1651141624.030773, 3
1651141624.058672, 3
1651141624.084151, 3
1651141624.109174, 3
1651141624.139940, 3
1651141624.166975, 4
1651141624.192461, 4
1651141624.218388, 4
1651141624.243605, 2
1651141624.268949, 1
1651141624.292476, 1
1651141624.315678, 0
1651141624.341107, 1
1651141624.365248, 1
1651141624.389519, 2
1651141624.414482, 2
1651141624.440883, 3
1651141624.466492, 3
1651141624.491366, 3
1651141624.516082, 4
1651141624.541618, 5
1651141624.565061, 4
1651141624.590873, 5
1651141624.616575, 1
1651141624.643504, 3
1651141624.668652, 3
1651141624.692389, 2
1651141624.718701, 2
1651141624.745793, 2
1651141624.779213, 2
1651141624.807550, 4
1651141624.842393, 3
1651141624.875351, 4
1651141624.909909, 3
1651141624.947449, 1
1651141624.978224, 1
1651141625.012353, 3
1651141625.046700, 2
1651141625.079111, 3
1651141625.110478, 3
1651141625.144730, 4
1651141625.177093, 4
1651141625.211777, 4
1651141625.243527, 3
1651141625.272416, 1
1651141625.301970, 2
1651141625.337485, 2
1651141625.370591, 2
1651141625.404836, 3
1651141625.439698, 3
1651141625.471152, 3
1651141625.501812, 3
1651141625.540065, 5
1651141625.578464, 5
1651141625.609398, 3
1651141625.642017, 2
1651141625.673076, 3
1651141625.703988, 3
1651141625.746666, 1
1651141625.777178, 3
1651141625.811846, 4
1651141625.843288, 3
1651141625.874763, 5
1651141625.908119, 4
1651141625.940242, 1
1651141625.971510, 2
1651141626.005496, 2
1651141626.034820, 1
1651141626.065068, 2
1651141626.102541, 1
1651141626.137314, 4
1651141626.169099, 4
1651141626.206057, 4
1651141626.240030, 4
1651141626.276570, 3
1651141626.311102, 2
1651141626.343350, 3
1651141626.378182, 2
1651141626.411686, 2
1651141626.456545, 3
1651141626.488145, 4
1651141626.524666, 5
1651141626.561968, 4
1651141626.596333, 2
1651141626.629782, 2
1651141626.662918, 1
1651141626.694238, 2
1651141626.726197, 4
1651141626.757512, 3
1651141626.790552, 2
1651141626.824653, 3
1651141626.857570, 3
1651141626.891461, 3
1651141626.921926, 2
1651141626.956111, 4
1651141626.994223, 2
1651141627.026368, 2
1651141627.058722, 2
1651141627.088397, 2
1651141627.118728, 2
1651141627.158721, 3
1651141627.189853, 3
1651141627.220678, 4
1651141627.252030, 4
1651141627.283047, 3
1651141627.316978, 3
1651141627.352223, 1
1651141627.381742, 3
1651141627.413929, 3
1651141627.443806, 2
1651141627.478272, 4
1651141627.513007, 4
1651141627.537779, 4
1651141627.561766, 4
1651141627.586865, 4
1651141627.609708, 2
1651141627.632649, 1
1651141627.657241, 3
1651141627.681594, 3
1651141627.710197, 4
1651141627.736407, 1
1651141627.762536, 1
1651141627.788914, 3
1651141627.815183, 3
1651141627.838680, 3
1651141627.861758, 4
1651141627.887266, 4
1651141627.914200, 4
1651141627.945039, 4
1651141627.973267, 3
1651141627.999283, 2
1651141628.022085, 1
1651141628.045480, 0
1651141628.070948, 4
1651141628.096543, 3
1651141628.120573, 3
1651141628.144634, 3
1651141628.167248, 2
1651141628.189175, 3
1651141628.211224, 3
1651141628.234645, 5
1651141628.259140, 4
1651141628.283601, 3
1651141628.308299, 1
1651141628.331240, 2
1651141628.353127, 2
1651141628.375375, 3
1651141628.399833, 2
1651141628.421751, 3
1651141628.445376, 2
1651141628.467674, 2
1651141628.489619, 3
1651141628.511901, 4
1651141628.534039, 3
1651141628.557306, 5
1651141628.580005, 4
1651141628.602262, 3
1651141628.625165, 4
1651141628.647422, 2
1651141628.670927, 2
1651141628.692557, 4
1651141628.714309, 2
1651141628.737169, 4
1651141628.761763, 2
1651141628.784454, 2
1651141628.807788, 3
1651141628.830394, 3
1651141628.851747, 4
1651141628.874952, 4
1651141628.897065, 4
1651141628.921655, 5
1651141628.943517, 5
1651141628.965622, 2
1651141628.990779, 1
1651141629.014481, 0
1651141629.039361, 1
1651141629.065457, 2
1651141629.091137, 2
1651141629.114803, 3
1651141629.137516, 3
1651141629.160223, 3
1651141629.184437, 5
1651141629.206697, 4
1651141629.230950, 5
1651141629.254443, 4
1651141629.276536, 2
1651141629.303434, 1
1651141629.326141, 1
1651141629.348941, 1
1651141629.372559, 1
1651141629.396281, 3
1651141629.422144, 2
1651141629.452674, 1
1651141629.483286, 3
1651141629.506143, 3
1651141629.534090, 4
1651141629.559772, 4
1651141629.585107, 4
1651141629.609468, 4
1651141629.633447, 4
1651141629.655537, 2
1651141629.680415, 1
1651141629.711159, 0
1651141629.736053, 1
1651141629.758439, 2
1651141629.780162, 2
1651141629.802463, 2
1651141629.827599, 2
1651141629.850401, 3
1651141629.871937, 4
1651141629.902548, 4
1651141629.944723, 2
1651141629.980773, 0
1651141630.018623, 1
1651141630.050257, 2
1651141630.096531, 2
1651141630.130830, 3
1651141630.170798, 4
1651141630.197097, 4
1651141630.223729, 5
1651141630.251616, 5
1651141630.276309, 5
1651141630.303348, 5
1651141630.330288, 1
1651141630.366089, 0
1651141630.392020, 3
1651141630.425157, 1
1651141630.456306, 2
1651141630.484682, 2
1651141630.510337, 2
1651141630.535940, 4
1651141630.573772, 4
1651141630.613936, 4
1651141630.652224, 1
1651141630.687985, 4
1651141630.720672, 1
1651141630.753007, 2
1651141630.787594, 3
1651141630.825833, 3
1651141630.861947, 4
1651141630.900703, 5
1651141630.938984, 4
1651141630.979347, 1
1651141631.016991, 2
1651141631.064667, 2
1651141631.108831, 3
1651141631.156301, 3
1651141631.194976, 3
1651141631.231961, 3
1651141631.269713, 5
1651141631.306467, 4
1651141631.349674, 3
1651141631.385232, 1
1651141631.423360, 1
1651141631.462842, 2
1651141631.502897, 2
1651141631.540215, 2
1651141631.582314, 4
1651141631.629892, 4
1651141631.664621, 5
1651141631.697362, 3
1651141631.735299, 1
1651141631.772314, 3
1651141631.808688, 2
1651141631.846624, 2
1651141631.882493, 4
1651141631.920956, 3
1651141631.962245, 4
1651141632.003326, 4
1651141632.036111, 1
1651141632.072110, 2
1651141632.111392, 2
1651141632.156376, 5
1651141632.193316, 2
1651141632.229086, 5
1651141632.264879, 4
1651141632.299661, 4
1651141632.338424, 5
1651141632.373415, 4
1651141632.410650, 1
1651141632.444639, 1
1651141632.480166, 4
1651141632.520078, 2
1651141632.580251, 3
1651141632.614763, 4
1651141632.663773, 5
1651141632.716904, 1
1651141632.749922, 2
1651141632.785418, 2
1651141632.819299, 1
1651141632.854416, 2
1651141632.885143, 2
1651141632.922367, 2
1651141632.959812, 4
1651141633.002236, 2
1651141633.039050, 2
1651141633.080267, 2
1651141633.113048, 4
1651141633.146803, 2
1651141633.180826, 2
1651141633.216797, 3
1651141633.258284, 3
1651141633.291641, 4
1651141633.327402, 4
1651141633.360229, 2
1651141633.392933, 3
1651141633.428489, 1
1651141633.466192, 2
1651141633.498982, 1
1651141633.529805, 3
1651141633.563340, 4
1651141633.599290, 3
1651141633.636040, 4
1651141633.668513, 5
1651141633.708126, 4
1651141633.741007, 2
1651141633.777007, 2
1651141633.810916, 4
1651141633.846593, 1
1651141633.880078, 2
1651141633.912217, 4
1651141633.945310, 4
1651141633.978896, 4
1651141634.012508, 3
1651141634.054632, 0
1651141634.088298, 1
1651141634.113132, 2
1651141634.139732, 4
1651141634.164001, 4
1651141634.188166, 2
1651141634.214796, 1
1651141634.240020, 2
1651141634.265249, 3
1651141634.291087, 4
1651141634.317307, 4
1651141634.342253, 5
1651141634.376491, 5
1651141634.403808, 1
1651141634.431586, 3
1651141634.458435, 2
1651141634.484385, 2
1651141634.509269, 2
1651141634.535247, 2
1651141634.563063, 2
1651141634.590278, 2
1651141634.615397, 5
1651141634.642813, 5
1651141634.668850, 4
1651141634.695240, 3
1651141634.721876, 2
1651141634.747037, 3
1651141634.776163, 1
1651141634.802639, 0
1651141634.830075, 2
1651141634.855104, 2
1651141634.880291, 2
1651141634.905949, 3
1651141634.934410, 3
1651141634.961347, 4
1651141634.986436, 4
1651141635.012093, 4
1651141635.039630, 3
1651141635.066251, 1
1651141635.093317, 2
1651141635.117183, 3
1651141635.141860, 2
1651141635.169206, 2
1651141635.195438, 2
1651141635.222907, 2
1651141635.255033, 3
1651141635.279802, 4
1651141635.305997, 4
1651141635.331467, 4
1651141635.358381, 5
1651141635.385461, 2
1651141635.418396, 3
1651141635.450685, 3
1651141635.483690, 1
1651141635.514921, 3
1651141635.547458, 3
1651141635.580239, 5
1651141635.616434, 4
1651141635.652913, 5
1651141635.685538, 3
1651141635.721251, 1
1651141635.754283, 2
1651141635.792497, 2
1651141635.822378, 2
1651141635.850387, 1
1651141635.877960, 2
1651141635.908653, 2
1651141635.941441, 4
1651141635.973797, 4
1651141636.004394, 5
1651141636.033052, 4
1651141636.066248, 3
1651141636.098151, 3
1651141636.130110, 2
1651141636.161272, 0
1651141636.190340, 3
1651141636.220917, 3
1651141636.251384, 3
1651141636.282394, 4
1651141636.319376, 5
1651141636.350930, 5
1651141636.386028, 4
1651141636.417214, 2
1651141636.448683, 2
1651141636.480238, 1
1651141636.512981, 2
1651141636.543768, 3
1651141636.576487, 2
1651141636.608905, 2
1651141636.637822, 3
1651141636.670996, 4
1651141636.704810, 5
1651141636.737812, 4
1651141636.767542, 1
1651141636.798839, 3
1651141636.831992, 1
1651141636.864004, 3
1651141636.898493, 2
1651141636.930177, 3
1651141636.965159, 4
1651141636.997758, 5
1651141637.028384, 4
1651141637.052982, 3
1651141637.078151, 1
1651141637.106223, 1
1651141637.131502, 0
1651141637.156639, 2
1651141637.179650, 2
1651141637.202540, 1
1651141637.228942, 3
1651141637.254471, 3
1651141637.278646, 3
1651141637.305065, 4
1651141637.329721, 4
1651141637.355096, 5
1651141637.385080, 5
1651141637.409111, 4
1651141637.434402, 3
1651141637.458580, 2
1651141637.483166, 1
1651141637.508747, 2
1651141637.534499, 3
1651141637.559421, 2
1651141637.588682, 2
1651141637.612134, 2
1651141637.637777, 3
1651141637.661518, 4
1651141637.683929, 4
1651141637.709060, 4
1651141637.733992, 5
1651141637.758441, 4
1651141637.787456, 1
1651141637.812823, 2
1651141637.839209, 2
1651141637.864037, 2
1651141637.886336, 4
1651141637.907873, 3
1651141637.934684, 2
1651141637.959120, 3
1651141637.981790, 4
1651141638.006909, 5
1651141638.031435, 4
1651141638.055054, 3
1651141638.078167, 2
1651141638.103083, 1
1651141638.127905, 2
1651141638.152500, 1
1651141638.178809, 2
1651141638.201376, 3
1651141638.223991, 1
1651141638.253121, 1
1651141638.275978, 2
1651141638.300263, 3
1651141638.326295, 4
1651141638.352247, 4
1651141638.378139, 4
1651141638.402828, 4
1651141638.424944, 4
1651141638.448642, 2
1651141638.474564, 1
1651141638.497177, 2
1651141638.521588, 1
1651141638.542250, 2
1651141638.565198, 2
1651141638.586394, 2
1651141638.614184, 2
1651141638.640143, 3
1651141638.663774, 4
1651141638.687257, 5
1651141638.710593, 5
1651141638.733924, 5
1651141638.757384, 4
1651141638.780486, 2
1651141638.804511, 1
1651141638.827869, 1
1651141638.852274, 2
1651141638.874659, 3
1651141638.899904, 4
1651141638.927263, 3
1651141638.951507, 3
1651141638.973567, 3
1651141639.000058, 4
1651141639.023801, 5
1651141639.048184, 4
1651141639.071188, 3
1651141639.097126, 2
1651141639.121085, 2
1651141639.144715, 0
1651141639.170687, 3
1651141639.195245, 3
1651141639.219407, 3
1651141639.241462, 1
1651141639.268347, 2
1651141639.292189, 3
1651141639.316240, 3
1651141639.347400, 4
1651141639.376505, 2
1651141639.402675, 1
1651141639.433334, 2
1651141639.459710, 3
1651141639.485462, 1
1651141639.513181, 1
1651141639.540242, 2
1651141639.568191, 2
1651141639.596065, 2
1651141639.626196, 5
1651141639.655368, 5
1651141639.687349, 4
1651141639.714976, 3
1651141639.741243, 2
1651141639.763909, 2
1651141639.787243, 3
1651141639.805859, 3
1651141639.831724, 2
1651141639.855574, 2
1651141639.880138, 2
1651141639.903764, 3
1651141639.928242, 4
1651141639.952265, 4
1651141639.980528, 5
1651141640.003152, 5
1651141640.026489, 4
1651141640.051902, 3
1651141640.075488, 3
1651141640.099078, 2
1651141640.122406, 3
1651141640.145471, 3
1651141640.170533, 3
1651141640.192148, 2
1651141640.216101, 3
1651141640.251714, 4
1651141640.280896, 3
1651141640.309184, 4
1651141640.335256, 4
1651141640.362307, 2
1651141640.390741, 1
1651141640.418988, 1
1651141640.444426, 3
1651141640.476623, 1
1651141640.503812, 2
1651141640.530883, 2
1651141640.559899, 2
1651141640.593420, 4
1651141640.623654, 5
1651141640.653276, 4
1651141640.686372, 4
1651141640.712467, 3
1651141640.738905, 2
1651141640.762229, 3
1651141640.784698, 3
1651141640.807080, 2
1651141640.828029, 3
1651141640.848504, 3
1651141640.869758, 2
1651141640.892438, 3
1651141640.919071, 4
1651141640.942481, 4
1651141640.967018, 5
1651141640.991684, 5
1651141641.014562, 3
1651141641.038166, 2
1651141641.062048, 0
1651141641.085191, 0
1651141641.107567, 1
1651141641.131002, 2
1651141641.154211, 1
1651141641.176057, 1
1651141641.198384, 2
1651141641.220767, 3
1651141641.244635, 3
1651141641.268523, 3
1651141641.293899, 4
1651141641.315169, 4
1651141641.337344, 4
1651141641.361753, 4
1651141641.385773, 5
1651141641.408788, 2
1651141641.432682, 1
1651141641.454129, 1
1651141641.476521, 1
1651141641.505931, 2
1651141641.527842, 2
1651141641.552687, 3
1651141641.574352, 3
1651141641.597690, 3
1651141641.620142, 3
1651141641.642980, 4
1651141641.664293, 4
1651141641.692430, 4
1651141641.718221, 4
1651141641.744826, 4
1651141641.772757, 2
1651141641.800455, 1
1651141641.829736, 3
1651141641.856539, 3
1651141641.884237, 1
1651141641.912210, 3
1651141641.938950, 3
1651141641.964375, 4
1651141641.992627, 4
1651141642.019426, 5
1651141642.045778, 4
1651141642.071439, 2
1651141642.101102, 2
1651141642.127549, 4
1651141642.154549, 2
1651141642.182317, 0
1651141642.210146, 2
1651141642.236979, 3
1651141642.262865, 2
1651141642.289767, 4
1651141642.315568, 5
1651141642.344526, 5
1651141642.370927, 4
1651141642.406447, 3
1651141642.434493, 1
1651141642.463359, 2
1651141642.491743, 2
1651141642.519062, 3
1651141642.544437, 3
1651141642.570871, 3
1651141642.596075, 3
1651141642.622878, 4
1651141642.653967, 4
1651141642.681430, 4
1651141642.710285, 5
1651141642.736855, 1
1651141642.768408, 3
1651141642.798523, 3
1651141642.826408, 1
1651141642.856882, 2
1651141642.884079, 2
1651141642.910734, 3
1651141642.936419, 3
1651141642.965427, 4
1651141642.995464, 4
1651141643.022620, 3
1651141643.055464, 1
1651141643.087247, 2
1651141643.115485, 0
1651141643.144217, 2
1651141643.170079, 0
1651141643.202079, 3
1651141643.235123, 3
1651141643.264310, 3
1651141643.294057, 3
1651141643.319465, 5
1651141643.348830, 4
1651141643.381553, 4
1651141643.409871, 5
1651141643.435864, 2
1651141643.461706, 1
1651141643.489271, 0
1651141643.516009, 2
1651141643.549414, 2
1651141643.577638, 2
1651141643.603896, 3
1651141643.633190, 4
1651141643.661102, 3
1651141643.690217, 5
1651141643.721993, 3
1651141643.750285, 1
1651141643.780368, 0
1651141643.808212, 3
1651141643.835943, 4
1651141643.866220, 1
1651141643.892980, 2
1651141643.921359, 2
1651141643.951660, 4
1651141643.983510, 3
1651141644.010072, 4
1651141644.036637, 4
1651141644.068904, 4
1651141644.098173, 2
1651141644.127085, 0
1651141644.153497, 2
1651141644.179517, 2
1651141644.206077, 3
1651141644.233868, 2
1651141644.260123, 2
1651141644.292016, 3
1651141644.320777, 5
1651141644.346334, 2
1651141644.373404, 2
1651141644.406474, 2
1651141644.432983, 1
1651141644.459276, 2
1651141644.489919, 2
1651141644.517233, 1
1651141644.545207, 3
1651141644.576370, 3
1651141644.609014, 3
1651141644.638066, 5
1651141644.667938, 4
1651141644.694992, 5
1651141644.724665, 1
1651141644.766514, 0
1651141644.804334, 2
1651141644.838392, 1
1651141644.867245, 4
1651141644.899285, 3
1651141644.937533, 4
1651141644.958362, 3
1651141644.987943, 5
1651141645.018340, 4
1651141645.040721, 1
1651141645.076363, 1
1651141645.112478, 3
1651141645.146877, 0
1651141645.180695, 3
1651141645.213943, 3
1651141645.247045, 4
1651141645.288112, 2
1651141645.323551, 3
1651141645.361787, 4
1651141645.398788, 2
1651141645.433981, 1
1651141645.467493, 2
1651141645.505519, 3
1651141645.536247, 2
1651141645.569370, 2
1651141645.603741, 3
1651141645.637414, 4
1651141645.678378, 4
1651141645.714353, 5
1651141645.750897, 2
1651141645.800631, 1
1651141645.834683, 3
1651141645.870647, 3
1651141645.909189, 3
1651141645.941707, 4
1651141645.975471, 3
1651141646.009177, 4
1651141646.046882, 4
1651141646.081846, 2
1651141646.113206, 4
1651141646.146518, 2
1651141646.198044, 2
1651141646.234349, 3
1651141646.276367, 4
1651141646.320653, 3
1651141646.357082, 4
1651141646.402588, 1
1651141646.439878, 3
1651141646.471841, 2
1651141646.505921, 3
1651141646.541063, 2
1651141646.574673, 2
1651141646.611799, 2
1651141646.645103, 4
1651141646.681904, 4
1651141646.716481, 5
1651141646.749594, 4
1651141646.789243, 1
1651141646.821867, 3
1651141646.857953, 1
1651141646.891907, 1
1651141646.930613, 4
1651141646.967104, 3
1651141647.010016, 4
1651141647.043436, 4
1651141647.077251, 1
1651141647.117873, 2
1651141647.154027, 2
1651141647.196859, 2
1651141647.229911, 2
1651141647.262934, 3
1651141647.297751, 3
1651141647.331241, 2
1651141647.366910, 4
1651141647.406453, 4
1651141647.444671, 2
1651141647.485220, 2
1651141647.523802, 1
1651141647.558611, 3
1651141647.592332, 2
1651141647.628705, 4
1651141647.661987, 4
1651141647.702613, 4
1651141647.736808, 5
1651141647.776820, 3
1651141647.811618, 4
1651141647.851061, 2
1651141647.888933, 1
1651141647.923792, 2
1651141647.962481, 4
1651141648.007242, 4
1651141648.046344, 4
1651141648.091901, 4
1651141648.126924, 5
1651141648.168145, 1
1651141648.212275, 1
1651141648.250089, 2
1651141648.290751, 2
1651141648.331450, 4
1651141648.379938, 3
1651141648.415382, 4
1651141648.458204, 5
1651141648.506012, 1
1651141648.536328, 2
1651141648.565076, 2
1651141648.594346, 2
1651141648.620337, 2
1651141648.645623, 3
1651141648.678690, 2
1651141648.710459, 4
1651141648.750471, 4
1651141648.783458, 3
1651141648.818125, 3
1651141648.854705, 1
1651141648.890837, 1
1651141648.932178, 2
1651141648.963732, 2
1651141649.001201, 4
1651141649.038180, 3
1651141649.069444, 4
1651141649.109656, 4
1651141649.144210, 4
1651141649.178814, 3
1651141649.215238, 1
1651141649.250376, 2
1651141649.286140, 3
1651141649.334015, 3
1651141649.369860, 2
1651141649.405295, 4
1651141649.440004, 5
1651141649.486847, 4
1651141649.526124, 1
1651141649.561436, 2
1651141649.594815, 2
1651141649.633516, 3
1651141649.670027, 2
1651141649.706322, 1
1651141649.738286, 2
1651141649.776904, 1
1651141649.810727, 1
1651141649.852558, 2
1651141649.887188, 2
1651141649.926375, 3
1651141649.953078, 2
1651141649.977687, 3
1651141649.998984, 3
1651141650.018712, 4
1651141650.045182, 3
1651141650.069044, 4
1651141650.100456, 2
1651141650.124510, 3
1651141650.147540, 2
1651141650.170220, 2
1651141650.195394, 2
1651141650.218526, 3
1651141650.249841, 4
1651141650.286565, 3
1651141650.325080, 4
1651141650.361622, 4
1651141650.402668, 3
1651141650.442865, 2
1651141650.481691, 1
1651141650.516531, 2
1651141650.551185, 2
1651141650.593042, 3
1651141650.626969, 3
1651141650.659548, 4
1651141650.697275, 4
1651141650.737466, 3
1651141650.771530, 4
1651141650.811420, 1
1651141650.847939, 1
1651141650.888343, 2
1651141650.921626, 3
1651141650.958268, 2
1651141650.996287, 5
1651141651.036029, 5
1651141651.076411, 4
1651141651.118949, 3
1651141651.160683, 3
1651141651.207302, 1
1651141651.247992, 1
1651141651.284664, 4
1651141651.325363, 2
1651141651.351389, 3
1651141651.375394, 5
1651141651.403280, 3
1651141651.428590, 3
1651141651.455136, 2
1651141651.477734, 1
1651141651.500577, 1
1651141651.523699, 1
1651141651.546430, 2
1651141651.573469, 4
1651141651.609640, 2
1651141651.644998, 4
1651141651.693068, 4
1651141651.724609, 3
1651141651.764017, 1
1651141651.808639, 1
1651141651.841545, 2
1651141651.878608, 1
1651141651.913040, 4
1651141651.951210, 4
1651141651.997844, 4
1651141652.033029, 5
1651141652.066971, 5
1651141652.102811, 3
1651141652.134122, 1
1651141652.175029, 1
1651141652.212716, 4
1651141652.249074, 3
1651141652.281125, 3
1651141652.321244, 4
1651141652.362370, 4
1651141652.398505, 2
1651141652.435115, 3
1651141652.471007, 0
1651141652.504097, 3
1651141652.538449, 1
1651141652.578739, 1
1651141652.614715, 3
1651141652.651265, 4
1651141652.690822, 4
1651141652.729020, 4
1651141652.769492, 2
1651141652.808625, 1
1651141652.842047, 2
1651141652.876375, 2
1651141652.910840, 3
1651141652.950817, 3
1651141652.994362, 5
1651141653.030588, 5
1651141653.070142, 2
1651141653.109966, 1
1651141653.151869, 3
1651141653.186411, 2
1651141653.226846, 2
1651141653.260270, 2
1651141653.298302, 4
1651141653.340616, 4
1651141653.378312, 1
1651141653.425324, 0
1651141653.468542, 2
1651141653.505237, 2
1651141653.538937, 3
1651141653.582643, 2
1651141653.621816, 3
1651141653.653876, 5
1651141653.686443, 4
1651141653.723649, 4
1651141653.762500, 2
1651141653.801974, 1
1651141653.855159, 2
1651141653.892295, 3
1651141653.929650, 3
1651141653.966069, 4
1651141654.010540, 5
1651141654.047703, 3
1651141654.086605, 1
1651141654.127204, 2
1651141654.166761, 2
1651141654.205484, 2
1651141654.247952, 2
1651141654.281948, 4
1651141654.322268, 4
1651141654.356509, 4
1651141654.391644, 5
1651141654.425022, 4
1651141654.460421, 1
1651141654.496130, 2
1651141654.534888, 1
1651141654.573939, 4
1651141654.610034, 2
1651141654.644676, 4
1651141654.678898, 4
1651141654.718485, 5
1651141654.769387, 4
1651141654.805349, 1
1651141654.840066, 2
1651141654.874556, 3
1651141654.908539, 2
1651141654.947012, 2
1651141654.991267, 3
1651141655.030418, 4
1651141655.066253, 5
1651141655.103387, 2
1651141655.137145, 2
1651141655.173884, 1
1651141655.208643, 3
1651141655.242398, 1
1651141655.280327, 2
1651141655.315395, 3
1651141655.359393, 4
1651141655.395002, 5
1651141655.434046, 4
1651141655.474168, 2
1651141655.509865, 1
1651141655.546329, 1
1651141655.579824, 2
1651141655.614427, 2
1651141655.651923, 4
1651141655.685526, 2
1651141655.719219, 4
1651141655.763315, 5
1651141655.809203, 4
1651141655.849173, 1
1651141655.888599, 3
1651141655.930283, 2
1651141655.965847, 3
1651141656.001538, 2
1651141656.035760, 4
1651141656.074659, 4
1651141656.110262, 4
1651141656.144786, 2
1651141656.180027, 0
1651141656.212785, 3
1651141656.248770, 3
1651141656.288530, 2
1651141656.327713, 1
1651141656.365896, 3
1651141656.401503, 3
1651141656.434615, 4
1651141656.477119, 4
1651141656.517182, 3
1651141656.554821, 0
1651141656.587533, 2
1651141656.624287, 3
1651141656.659413, 2
1651141656.699195, 3
1651141656.742147, 4
1651141656.784552, 4
1651141656.831547, 3
1651141656.867247, 1
1651141656.902006, 2
1651141656.937432, 1
1651141656.961808, 2
1651141656.988531, 2
1651141657.014227, 2
1651141657.037417, 2
1651141657.062597, 3
1651141657.081866, 4
1651141657.102603, 3
1651141657.126394, 4
1651141657.153814, 4
1651141657.181824, 5
1651141657.206858, 3
1651141657.233695, 2
1651141657.261206, 2
1651141657.286734, 3
1651141657.310548, 2
1651141657.334919, 3
1651141657.364795, 2
1651141657.386228, 3
1651141657.403729, 3
1651141657.420966, 4
1651141657.443546, 4
1651141657.476911, 5
1651141657.508749, 5
1651141657.547379, 4
1651141657.583321, 2
1651141657.617240, 0
1651141657.648727, 3
1651141657.684451, 3
1651141657.721164, 2
1651141657.753283, 2
1651141657.791017, 4
1651141657.821404, 3
1651141657.853876, 4
1651141657.886161, 4
1651141657.918218, 2
1651141657.949708, 1
1651141657.981267, 2
1651141658.014574, 2
1651141658.047212, 4
1651141658.084630, 2
1651141658.115616, 1
1651141658.146876, 3
1651141658.169281, 3
1651141658.192074, 0
1651141658.226360, 1
1651141658.251641, 3
1651141658.276044, 2
1651141658.302197, 3
1651141658.328434, 2
1651141658.359420, 2
1651141658.392007, 3
1651141658.436559, 3
1651141658.471003, 3
1651141658.502147, 1
1651141658.533375, 2
1651141658.565098, 3
1651141658.596357, 2
1651141658.626211, 3
1651141658.659552, 3
1651141658.690927, 2
1651141658.720411, 3
1651141658.751529, 4
1651141658.783670, 4
1651141658.822780, 3
1651141658.856612, 3
1651141658.888906, 2
1651141658.921548, 1
1651141658.953901, 3
1651141658.997177, 2
1651141659.036682, 2
1651141659.075796, 4
1651141659.110664, 5
1651141659.146792, 4
1651141659.194897, 4
1651141659.242757, 1
1651141659.277182, 2
1651141659.316119, 1
1651141659.367501, 2
1651141659.405040, 2
1651141659.441562, 5
1651141659.484242, 5
1651141659.509396, 4
1651141659.538328, 3
1651141659.566997, 1
1651141659.593881, 1
1651141659.620400, 2
1651141659.648509, 2
1651141659.675081, 2
1651141659.701270, 3
1651141659.729669, 2
1651141659.757058, 4
1651141659.784676, 5
1651141659.816392, 5
1651141659.852778, 4
1651141659.882912, 3
1651141659.913786, 1
1651141659.938268, 1
1651141659.967152, 2
1651141659.993772, 3
1651141660.020741, 3
1651141660.046655, 2
1651141660.076871, 3
1651141660.105294, 4
1651141660.130332, 4
1651141660.155331, 4
1651141660.193483, 2
1651141660.221378, 1
1651141660.250810, 2
1651141660.277647, 2
1651141660.303591, 4
1651141660.331677, 3
1651141660.356913, 3
1651141660.384476, 2
1651141660.414673, 3
1651141660.444284, 4
1651141660.477835, 4
1651141660.503265, 4
1651141660.528471, 4
1651141660.560712, 2
1651141660.597691, 3
1651141660.638057, 2
1651141660.673219, 2
1651141660.706990, 2
1651141660.742579, 3
1651141660.777173, 5
1651141660.828239, 5
1651141660.864707, 1
1651141660.906697, 1
1651141660.937975, 2
1651141660.971202, 3
1651141661.014877, 2
1651141661.053044, 3
1651141661.085014, 2
1651141661.117627, 3
1651141661.150134, 3
1651141661.187291, 2
1651141661.221150, 2
1651141661.255300, 2
1651141661.299007, 2
1651141661.335663, 2
1651141661.374748, 3
1651141661.408178, 2
1651141661.448637, 5
1651141661.493357, 4
1651141661.531765, 4
1651141661.570270, 3
1651141661.605925, 2
1651141661.643426, 2
1651141661.673864, 2
1651141661.715662, 2
1651141661.755002, 3
1651141661.787530, 4
1651141661.821239, 5
1651141661.857489, 4
1651141661.900420, 1
1651141661.934455, 2
1651141661.966650, 0
1651141662.004323, 3
1651141662.042478, 3
1651141662.086954, 4
1651141662.121953, 3
1651141662.153533, 3
1651141662.194117, 2
1651141662.230385, 2
1651141662.270034, 2
1651141662.304829, 1
1651141662.336767, 2
1651141662.369970, 1
1651141662.407955, 3
1651141662.454021, 3
1651141662.487659, 4
1651141662.519779, 5
1651141662.552582, 3
1651141662.585671, 0
1651141662.618332, 1
1651141662.657857, 3
1651141662.690584, 4
1651141662.729930, 3
1651141662.766968, 4
1651141662.805830, 4
1651141662.841664, 4
1651141662.878711, 2
1651141662.917943, 1
1651141662.953029, 2
1651141662.987163, 1
1651141663.026606, 3
1651141663.063012, 2
1651141663.100089, 3
1651141663.138843, 3
1651141663.178406, 4
1651141663.211580, 4
1651141663.247781, 3
1651141663.282100, 3
1651141663.317872, 3
1651141663.350918, 3
1651141663.384973, 1
1651141663.424347, 3
1651141663.457300, 4
1651141663.496533, 5
1651141663.538917, 4
1651141663.571207, 5
1651141663.608979, 2
1651141663.646234, 0
1651141663.678624, 4
1651141663.711196, 2
1651141663.752091, 3
1651141663.786346, 3
1651141663.824484, 4
1651141663.865385, 4
1651141663.897429, 4
1651141663.933691, 2
1651141663.974528, 2
1651141664.008899, 1
1651141664.049979, 2
1651141664.084099, 3
1651141664.117974, 4
1651141664.154807, 4
1651141664.190677, 5
1651141664.231021, 3
1651141664.267050, 1
1651141664.301892, 2
1651141664.334930, 1
1651141664.367740, 3
1651141664.405002, 2
1651141664.438810, 3
1651141664.470959, 3
1651141664.505895, 4
1651141664.539203, 4
1651141664.575161, 5
1651141664