1651141327.724019, 0
1651141327.765011, 0
1651141327.788084, 6
1651141327.813583, 6
1651141327.839592, 11
1651141327.867148, 18
1651141327.893958, 23
1651141327.925797, 31
1651141327.949170, 36
1651141327.973869, 43
1651141327.999011, 50
1651141328.023303, 57
1651141328.048544, 63
1651141328.075814, 73
1651141328.103219, 80
1651141328.130543, 89
1651141328.156170, 96
1651141328.181067, 100
1651141328.203871, 100
1651141328.228515, 100
1651141328.252524, 100
1651141328.281926, 100
1651141328.307226, 99
1651141328.334219, 100
1651141328.359456, 100
1651141328.382768, 99
1651141328.406875, 99
1651141328.432086, 100
1651141328.457952, 100
1651141328.485491, 100
1651141328.510984, 100
1651141328.535213, 98
1651141328.559396, 100
1651141328.582397, 100
1651141328.605017, 100
1651141328.629465, 100
1651141328.653028, 100
1651141328.677368, 99
1651141328.704462, 99
1651141328.737864, 99
1651141328.773648, 99
1651141328.809947, 99
1651141328.853646, 100
1651141328.888833, 100
1651141328.929155, 99
1651141328.968017, 99
1651141328.999724, 100
1651141329.023963, 99
1651141329.050876, 100
1651141329.073721, 100
1651141329.095429, 100
1651141329.117239, 99
1651141329.138833, 100
1651141329.162202, 99
1651141329.186604, 99
1651141329.210003, 99
1651141329.235569, 99
1651141329.261366, 100
1651141329.289753, 100
1651141329.315319, 98
1651141329.342282, 100
1651141329.365306, 99
1651141329.388949, 99
1651141329.411871, 99
1651141329.440921, 96
1651141329.465253, 99
1651141329.489386, 97
1651141329.513087, 97
1651141329.539858, 99
1651141329.566160, 98
1651141329.590706, 97
1651141329.616768, 96
1651141329.639722, 97
1651141329.661550, 99
1651141329.684040, 98
1651141329.706364, 99
1651141329.730176, 96
1651141329.753647, 96
1651141329.778686, 99
1651141329.803028, 96
1651141329.828358, 92
1651141329.851637, 89
1651141329.874425, 85
1651141329.898947, 75
1651141329.925834, 66
1651141329.950504, 62
1651141329.974067, 60
1651141329.999092, 59
1651141330.021336, 60
1651141330.044695, 63
1651141330.067627, 58
1651141330.090598, 53
1651141330.123718, 47
1651141330.151346, 47
1651141330.178144, 45
1651141330.210855, 45
1651141330.243354, 44
1651141330.270769, 43
1651141330.303647, 42
1651141330.329201, 42
1651141330.353260, 42
1651141330.376952, 42
1651141330.409173, 41
1651141330.433239, 42
1651141330.457501, 42
1651141330.483556, 42
1651141330.503849, 41
1651141330.528218, 41
1651141330.555523, 38
1651141330.579522, 38
1651141330.603964, 39
1651141330.627110, 39
1651141330.649414, 39
1651141330.672035, 39
1651141330.694712, 39
1651141330.717186, 38
1651141330.743509, 38
1651141330.765483, 37
1651141330.787348, 37
1651141330.811299, 38
1651141330.837767, 38
1651141330.864825, 38
1651141330.888680, 36
1651141330.916078, 38
1651141330.939474, 38
1651141330.969211, 38
1651141330.999487, 38
1651141331.028863, 39
1651141331.058038, 39
1651141331.086402, 38
1651141331.115441, 39
1651141331.145025, 39
1651141331.174467, 39
1651141331.200473, 39
1651141331.230014, 40
1651141331.259086, 40
1651141331.286537, 40
1651141331.313613, 40
1651141331.341186, 40
1651141331.367257, 40
1651141331.399975, 41
1651141331.428554, 42
1651141331.458080, 43
1651141331.492887, 41
1651141331.522374, 43
1651141331.550757, 42
1651141331.582327, 44
1651141331.609795, 43
1651141331.638534, 43
1651141331.666173, 43
1651141331.693592, 43
1651141331.723849, 43
1651141331.751294, 43
1651141331.779232, 43
1651141331.807345, 42
1651141331.835363, 43
1651141331.862917, 43
1651141331.893534, 44
1651141331.922955, 44
1651141331.952297, 43
1651141331.982140, 44
1651141332.010091, 45
1651141332.043826, 44
1651141332.074062, 45
1651141332.106074, 45
1651141332.148212, 44
1651141332.179481, 44
1651141332.213682, 45
1651141332.260679, 46
1651141332.292141, 46
1651141332.342164, 46
1651141332.376506, 46
1651141332.406230, 45
1651141332.432501, 46
1651141332.463679, 47
1651141332.492482, 47
1651141332.519996, 47
1651141332.548640, 47
1651141332.578353, 46
1651141332.607177, 47
1651141332.640132, 46
1651141332.667453, 47
1651141332.693944, 46
1651141332.720953, 47
1651141332.749209, 48
1651141332.775725, 49
1651141332.802915, 48
1651141332.830762, 48
1651141332.862248, 50
1651141332.895102, 48
1651141332.931465, 48
1651141332.962296, 50
1651141332.995673, 52
1651141333.023632, 50
1651141333.052773, 50
1651141333.079335, 51
1651141333.114028, 49
1651141333.142037, 49
1651141333.172964, 50
1651141333.200290, 50
1651141333.239227, 50
1651141333.277006, 50
1651141333.312882, 49
1651141333.354429, 52
1651141333.389238, 50
1651141333.426251, 50
1651141333.464937, 51
1651141333.506999, 52
1651141333.543545, 53
1651141333.578814, 51
1651141333.614558, 52
1651141333.652581, 50
1651141333.688478, 51
1651141333.725016, 51
1651141333.762303, 51
1651141333.796266, 52
1651141333.833339, 51
1651141333.873112, 52
1651141333.916137, 52
1651141333.952191, 52
1651141333.987999, 53
1651141334.025592, 53
1651141334.068286, 54
1651141334.107574, 52
1651141334.144840, 53
1651141334.185603, 53
1651141334.221882, 52
1651141334.255616, 53
1651141334.293222, 53
1651141334.330081, 54
1651141334.371631, 53
1651141334.407694, 54
1651141334.442903, 54
1651141334.480770, 54
1651141334.519571, 53
1651141334.558366, 53
1651141334.593062, 52
1651141334.631997, 52
1651141334.678706, 53
1651141334.728961, 52
1651141334.794827, 52
1651141334.838342, 53
1651141334.879221, 52
1651141334.919288, 53
1651141334.958929, 54
1651141334.994251, 53
1651141335.028936, 53
1651141335.070824, 53
1651141335.110165, 54
1651141335.149487, 53
1651141335.189101, 54
1651141335.229073, 55
1651141335.266744, 54
1651141335.306350, 55
1651141335.349968, 54
1651141335.402673, 55
1651141335.458197, 55
1651141335.509909, 55
1651141335.544944, 56
1651141335.581870, 55
1651141335.623147, 55
1651141335.663100, 55
1651141335.705369, 55
1651141335.745408, 56
1651141335.781296, 56
1651141335.822658, 56
1651141335.867180, 56
1651141335.901874, 55
1651141335.954842, 57
1651141335.994683, 58
1651141336.028849, 57
1651141336.052299, 58
1651141336.077936, 57
1651141336.107516, 56
1651141336.132007, 56
1651141336.155253, 58
1651141336.178811, 57
1651141336.200878, 58
1651141336.228671, 57
1651141336.260174, 57
1651141336.286045, 57
1651141336.312197, 57
1651141336.335152, 59
1651141336.357844, 58
1651141336.388034, 58
1651141336.426705, 59
1651141336.452781, 58
1651141336.476398, 59
1651141336.500147, 59
1651141336.527756, 58
1651141336.554168, 59
1651141336.581229, 58
1651141336.609881, 59
1651141336.634398, 59
1651141336.656540, 60
1651141336.680474, 59
1651141336.710705, 60
1651141336.740539, 58
1651141336.769823, 59
1651141336.796507, 58
1651141336.818871, 60
1651141336.844230, 60
1651141336.866957, 60
1651141336.890720, 60
1651141336.919620, 60
1651141336.949272, 60
1651141336.977645, 60
1651141337.002365, 60
1651141337.027946, 61
1651141337.056251, 59
1651141337.079315, 60
1651141337.103281, 60
1651141337.132177, 60
1651141337.155586, 61
1651141337.181166, 61
1651141337.206781, 59
1651141337.232017, 60
1651141337.262675, 62
1651141337.286723, 61
1651141337.311731, 62
1651141337.334626, 61
1651141337.362417, 61
1651141337.385373, 60
1651141337.417383, 62
1651141337.453785, 62
1651141337.478698, 61
1651141337.504131, 62
1651141337.537190, 62
1651141337.569530, 62
1651141337.598601, 62
1651141337.627577, 63
1651141337.654146, 62
1651141337.682420, 61
1651141337.710558, 61
1651141337.738523, 63
1651141337.766397, 62
1651141337.789889, 62
1651141337.817696, 63
1651141337.842164, 63
1651141337.869047, 62
1651141337.893995, 63
1651141337.923630, 63
1651141337.952877, 62
1651141337.981827, 63
1651141338.011541, 64
1651141338.036456, 63
1651141338.066647, 61
1651141338.091871, 63
1651141338.119081, 64
1651141338.142425, 63
1651141338.169564, 64
1651141338.192619, 64
1651141338.218350, 63
1651141338.242257, 64
1651141338.269341, 65
1651141338.293422, 64
1651141338.316995, 64
1651141338.340283, 65
1651141338.362898, 64
1651141338.387066, 65
1651141338.409808, 66
1651141338.431745, 65
1651141338.455656, 64
1651141338.483287, 64
1651141338.506812, 65
1651141338.530839, 65
1651141338.553775, 64
1651141338.581189, 64
1651141338.604924, 65
1651141338.629383, 65
1651141338.651513, 65
1651141338.676779, 66
1651141338.700336, 66
1651141338.719015, 66
1651141338.743694, 67
1651141338.772179, 67
1651141338.794182, 67
1651141338.817892, 67
1651141338.840603, 65
1651141338.864091, 66
1651141338.888817, 65
1651141338.912174, 66
1651141338.932104, 67
1651141338.957516, 67
1651141338.979733, 68
1651141339.003260, 67
1651141339.029052, 67
1651141339.052551, 67
1651141339.078135, 68
1651141339.100592, 68
1651141339.123582, 66
1651141339.146735, 66
1651141339.169596, 67
1651141339.192287, 66
1651141339.216377, 66
1651141339.239254, 67
1651141339.267224, 68
1651141339.296744, 68
1651141339.321410, 68
1651141339.345441, 66
1651141339.373846, 68
1651141339.400581, 68
1651141339.430212, 68
1651141339.465472, 68
1651141339.493551, 69
1651141339.519305, 67
1651141339.545032, 67
1651141339.570281, 69
1651141339.603632, 70
1651141339.631450, 69
1651141339.657564, 69
1651141339.682409, 70
1651141339.706483, 70
1651141339.731250, 69
1651141339.758131, 69
1651141339.783374, 68
1651141339.811353, 68
1651141339.841297, 69
1651141339.862775, 69
1651141339.889509, 70
1651141339.922070, 70
1651141339.954019, 69
1651141339.983061, 71
1651141340.009372, 71
1651141340.036613, 69
1651141340.061804, 69
1651141340.088370, 70
1651141340.113828, 69
1651141340.142530, 69
1651141340.172553, 70
1651141340.198257, 71
1651141340.229720, 70
1651141340.252588, 71
1651141340.274768, 71
1651141340.299334, 71
1651141340.328115, 72
1651141340.353839, 71
1651141340.380227, 70
1651141340.403257, 70
1651141340.428593, 70
1651141340.453802, 70
1651141340.480329, 72
1651141340.503350, 71
1651141340.532746, 72
1651141340.572995, 72
1651141340.602736, 72
1651141340.626149, 72
1651141340.648137, 72
1651141340.671125, 71
1651141340.695729, 72
1651141340.726270, 72
1651141340.749637, 71
1651141340.773312, 71
1651141340.797739, 73
1651141340.820104, 72
1651141340.843106, 72
1651141340.866781, 73
1651141340.887819, 73
1651141340.912917, 72
1651141340.935461, 73
1651141340.957432, 72
1651141340.982368, 72
1651141341.006345, 71
1651141341.029974, 71
1651141341.051279, 71
1651141341.075172, 74
1651141341.098251, 73
1651141341.120257, 74
1651141341.142979, 73
1651141341.166570, 74
1651141341.188353, 74
1651141341.212123, 74
1651141341.234597, 73
1651141341.258373, 73
1651141341.282072, 73
1651141341.304663, 73
1651141341.325793, 73
1651141341.348151, 74
1651141341.370280, 73
1651141341.401490, 75
1651141341.425321, 74
1651141341.447138, 75
1651141341.473546, 74
1651141341.498342, 74
1651141341.526202, 74
1651141341.550565, 75
1651141341.573983, 74
1651141341.596875, 73
1651141341.621262, 74
1651141341.644805, 73
1651141341.667351, 74
1651141341.691388, 75
1651141341.713722, 74
1651141341.737018, 75
1651141341.758675, 74
1651141341.781433, 75
1651141341.805990, 75
1651141341.827947, 76
1651141341.851248, 75
1651141341.874357, 75
1651141341.898772, 76
1651141341.921256, 75
1651141341.945632, 75
1651141341.969062, 74
1651141341.992554, 76
1651141342.018341, 76
1651141342.047049, 76
1651141342.070437, 75
1651141342.096324, 76
1651141342.125968, 75
1651141342.153289, 77
1651141342.184100, 76
1651141342.213225, 75
1651141342.242361, 74
1651141342.270244, 76
1651141342.298363, 76
1651141342.327401, 76
1651141342.357184, 77
1651141342.385479, 77
1651141342.414561, 77
1651141342.442950, 78
1651141342.474139, 77
1651141342.500507, 76
1651141342.526960, 75
1651141342.555530, 77
1651141342.581486, 75
1651141342.608893, 76
1651141342.637479, 77
1651141342.666780, 77
1651141342.692630, 77
1651141342.719160, 78
1651141342.747075, 79
1651141342.774259, 79
1651141342.799743, 78
1651141342.825559, 78
1651141342.856565, 77
1651141342.887164, 78
1651141342.917810, 78
1651141342.948535, 77
1651141342.981181, 78
1651141343.013764, 79
1651141343.042824, 78
1651141343.071577, 79
1651141343.097660, 79
1651141343.126100, 78
1651141343.156500, 78
1651141343.186280, 78
1651141343.209887, 78
1651141343.238177, 77
1651141343.263074, 80
1651141343.287632, 78
1651141343.311879, 79
1651141343.335435, 79
1651141343.358930, 79
1651141343.388667, 80
1651141343.422749, 78
1651141343.466239, 78
1651141343.504859, 78
1651141343.539940, 79
1651141343.578929, 77
1651141343.617174, 81
1651141343.658652, 80
1651141343.693850, 80
1651141343.727348, 80
1651141343.768745, 79
1651141343.806977, 79
1651141343.839128, 79
1651141343.870967, 79
1651141343.903238, 79
1651141343.951185, 80
1651141343.990593, 80
1651141344.023829, 81
1651141344.061128, 82
1651141344.096351, 80
1651141344.137188, 80
1651141344.174655, 80
1651141344.210850, 80
1651141344.248715, 81
1651141344.289532, 81
1651141344.325018, 81
1651141344.365144, 80
1651141344.401178, 81
1651141344.439660, 81
1651141344.476605, 82
1651141344.517685, 81
1651141344.555544, 81
1651141344.595000, 82
1651141344.630974, 82
1651141344.667056, 82
1651141344.701786, 83
1651141344.733829, 83
1651141344.770901, 81
1651141344.803373, 82
1651141344.840507, 81
1651141344.875317, 82
1651141344.907869, 81
1651141344.943962, 82
1651141344.986068, 84
1651141345.028684, 84
1651141345.067766, 82
1651141345.103940, 84
1651141345.138963, 82
1651141345.176880, 83
1651141345.222033, 83
1651141345.261938, 84
1651141345.301481, 84
1651141345.344244, 84
1651141345.377857, 84
1651141345.420996, 84
1651141345.464007, 84
1651141345.504123, 84
1651141345.545569, 83
1651141345.585909, 84
1651141345.629240, 85
1651141345.665836, 84
1651141345.704668, 84
1651141345.738597, 85
1651141345.771873, 85
1651141345.810874, 83
1651141345.851624, 84
1651141345.892482, 83
1651141345.928791, 84
1651141345.965329, 85
1651141345.992896, 85
1651141346.023981, 85
1651141346.049698, 86
1651141346.074111, 86
1651141346.098033, 86
1651141346.123737, 85
1651141346.148242, 86
1651141346.175663, 84
1651141346.200000, 85
1651141346.223915, 85
1651141346.246979, 85
1651141346.270642, 85
1651141346.295191, 86
1651141346.319687, 85
1651141346.346410, 87
1651141346.373444, 87
1651141346.401743, 86
1651141346.427738, 86
1651141346.453523, 86
1651141346.481200, 87
1651141346.507187, 85
1651141346.531264, 86
1651141346.557239, 85
1651141346.581891, 86
1651141346.605544, 86
1651141346.628412, 87
1651141346.655019, 87
1651141346.677936, 87
1651141346.701263, 88
1651141346.725112, 88
1651141346.748619, 88
1651141346.772232, 86
1651141346.797981, 87
1651141346.819942, 87
1651141346.846546, 87
1651141346.869410, 87
1651141346.892609, 87
1651141346.916966, 86
1651141346.940708, 86
1651141346.968252, 87
1651141346.996556, 87
1651141347.025994, 88
1651141347.054425, 88
1651141347.081305, 88
1651141347.109057, 89
1651141347.137196, 89
1651141347.162287, 89
1651141347.188036, 88
1651141347.214319, 88
1651141347.245458, 89
1651141347.273563, 87
1651141347.302641, 87
1651141347.333322, 90
1651141347.365094, 89
1651141347.392738, 88
1651141347.419241, 88
1651141347.446553, 88
1651141347.474804, 89
1651141347.501072, 89
1651141347.531015, 88
1651141347.558755, 88
1651141347.587284, 88
1651141347.612445, 89
1651141347.640067, 88
1651141347.667066, 90
1651141347.692685, 90
1651141347.722878, 90
1651141347.750204, 90
1651141347.776121, 89
1651141347.806193, 89
1651141347.835137, 90
1651141347.861861, 90
1651141347.889461, 88
1651141347.920398, 90
1651141347.950704, 90
1651141347.987952, 90
1651141348.015182, 90
1651141348.042561, 89
1651141348.069492, 91
1651141348.101037, 91
1651141348.128930, 91
1651141348.155519, 90
1651141348.185151, 91
1651141348.214904, 91
1651141348.239760, 90
1651141348.270398, 89
1651141348.301594, 89
1651141348.329115, 90
1651141348.356658, 90
1651141348.383478, 92
1651141348.412048, 92
1651141348.438704, 92
1651141348.467803, 92
1651141348.497931, 91
1651141348.528548, 91
1651141348.556509, 91
1651141348.585116, 90
1651141348.613396, 91
1651141348.639230, 91
1651141348.671394, 91
1651141348.698522, 90
1651141348.726697, 92
1651141348.753109, 91
1651141348.784544, 92
1651141348.812445, 92
1651141348.842749, 92
1651141348.870629, 92
1651141348.898126, 91
1651141348.925945, 92
1651141348.958007, 92
1651141348.989982, 91
1651141349.016120, 92
1651141349.045487, 93
1651141349.079473, 92
1651141349.105397, 93
1651141349.136015, 93
1651141349.166559, 93
1651141349.194640, 93
1651141349.222476, 93
1651141349.252819, 93
1651141349.280199, 91
1651141349.307631, 93
1651141349.339990, 93
1651141349.371051, 92
1651141349.398365, 93
1651141349.432333, 93
1651141349.454741, 94
1651141349.479537, 93
1651141349.503293, 94
1651141349.527400, 94
1651141349.550487, 95
1651141349.572207, 94
1651141349.596500, 94
1651141349.620112, 94
1651141349.643551, 94
1651141349.667565, 92
1651141349.700066, 92
1651141349.735032, 93
1651141349.767849, 93
1651141349.794528, 94
1651141349.820785, 94
1651141349.843556, 95
1651141349.865716, 94
1651141349.888686, 95
1651141349.915029, 94
1651141349.939110, 94
1651141349.961306, 94
1651141349.985930, 94
1651141350.009238, 94
1651141350.032980, 95
1651141350.054171, 94
1651141350.079163, 93
1651141350.102532, 94
1651141350.124638, 94
1651141350.148948, 94
1651141350.172386, 94
1651141350.195453, 95
1651141350.220036, 96
1651141350.242243, 95
1651141350.267162, 95
1651141350.289796, 95
1651141350.310868, 95
1651141350.335334, 95
1651141350.357946, 95
1651141350.381872, 94
1651141350.408752, 94
1651141350.431766, 94
1651141350.455169, 94
1651141350.478472, 95
1651141350.501267, 95
1651141350.523704, 96
1651141350.547335, 95
1651141350.570514, 95
1651141350.597781, 95
1651141350.621100, 96
1651141350.643704, 95
1651141350.666654, 96
1651141350.690169, 95
1651141350.712575, 94
1651141350.735047, 95
1651141350.759315, 95
1651141350.782975, 96
1651141350.806956, 96
1651141350.830949, 96
1651141350.855066, 97
1651141350.877835, 97
1651141350.902468, 96
1651141350.927041, 97
1651141350.952383, 96
1651141350.977464, 97
1651141350.999038, 97
1651141351.022886, 97
1651141351.046197, 97
1651141351.075388, 95
1651141351.099885, 96
1651141351.121760, 96
1651141351.143400, 95
1651141351.166587, 96
1651141351.190544, 96
1651141351.215621, 98
1651141351.238817, 97
1651141351.262206, 97
1651141351.287668, 98
1651141351.312043, 97
1651141351.341822, 96
1651141351.365937, 97
1651141351.391187, 98
1651141351.415738, 98
1651141351.441995, 96
1651141351.464436, 96
1651141351.490885, 97
1651141351.512793, 97
1651141351.536811, 95
1651141351.559488, 97
1651141351.586429, 98
1651141351.608657, 99
1651141351.630778, 98
1651141351.653446, 99
1651141351.678956, 98
1651141351.704261, 98
1651141351.726933, 98
1651141351.748802, 99
1651141351.770922, 99
1651141351.794705, 98
1651141351.819585, 97
1651141351.842876, 97
1651141351.866980, 97
1651141351.889888, 97
1651141351.911425, 98
1651141351.935331, 99
1651141351.958758, 98
1651141351.982267, 100
1651141352.005667, 99
1651141352.029658, 99
1651141352.053905, 98
1651141352.077084, 98
1651141352.101935, 100
1651141352.124802, 98
1651141352.148719, 99
1651141352.171545, 98
1651141352.197046, 99
1651141352.220249, 98
1651141352.248590, 98
1651141352.270000, 97
1651141352.292474, 100
1651141352.317976, 99
1651141352.340444, 100
1651141352.363614, 100
1651141352.387700, 99
1651141352.410466, 99
1651141352.433543, 99
1651141352.457788, 99
1651141352.482469, 99
1651141352.507606, 98
1651141352.536803, 99
1651141352.564226, 98
1651141352.592993, 98
1651141352.624382, 97
1651141352.653924, 99
1651141352.680964, 100
1651141352.710681, 99
1651141352.745574, 99
1651141352.775089, 98
1651141352.802976, 98
1651141352.830925, 98
1651141352.860383, 98
1651141352.891551, 95
1651141352.921827, 95
1651141352.950142, 86
1651141352.976951, 75
1651141353.005927, 64
1651141353.035044, 54
1651141353.063211, 48
1651141353.092504, 48
1651141353.117762, 47
1651141353.148699, 47
1651141353.177795, 46
1651141353.207870, 48
1651141353.236779, 47
1651141353.268605, 49
1651141353.297086, 48
1651141353.327745, 49
1651141353.360288, 49
1651141353.390245, 48
1651141353.419847, 48
1651141353.448237, 49
1651141353.476606, 48
1651141353.504831, 49
1651141353.535301, 49
1651141353.564467, 49
1651141353.593765, 49
1651141353.628973, 50
1651141353.657768, 49
1651141353.687525, 49
1651141353.714613, 49
1651141353.747230, 48
1651141353.780280, 51
1651141353.807893, 51
1651141353.839267, 51
1651141353.866546, 50
1651141353.893346, 51
1651141353.919822, 50
1651141353.948231, 51
1651141353.977838, 51
1651141354.006934, 50
1651141354.037336, 52
1651141354.068317, 52
1651141354.097158, 52
1651141354.124690, 53
1651141354.158635, 51
1651141354.186355, 50
1651141354.216803, 52
1651141354.244978, 50
1651141354.271280, 52
1651141354.302059, 53
1651141354.335143, 52
1651141354.365674, 52
1651141354.392572, 53
1651141354.420226, 52
1651141354.448188, 52
1651141354.477995, 52
1651141354.503937, 52
1651141354.530889, 53
1651141354.557426, 53
1651141354.586803, 54
1651141354.615924, 54
1651141354.642410, 54
1651141354.668734, 52
1651141354.696164, 53
1651141354.723616, 53
1651141354.753030, 52
1651141354.781045, 53
1651141354.807228, 54
1651141354.838026, 53
1651141354.866148, 54
1651141354.899486, 55
1651141354.926463, 53
1651141354.954501, 54
1651141354.982990, 55
1651141355.009337, 54
1651141355.036105, 55
1651141355.062087, 54
1651141355.087509, 55
1651141355.115984, 55
1651141355.141735, 55
1651141355.171313, 54
1651141355.199393, 56
1651141355.226929, 54
1651141355.257779, 55
1651141355.290675, 55
1651141355.319243, 56
1651141355.343587, 56
1651141355.370735, 55
1651141355.394176, 57
1651141355.417574, 57
1651141355.438687, 57
1651141355.461803, 56
1651141355.485825, 56
1651141355.509052, 56
1651141355.531471, 55
1651141355.554978, 56
1651141355.579491, 56
1651141355.606469, 57
1651141355.632453, 57
1651141355.657070, 56
1651141355.683976, 58
1651141355.707121, 56
1651141355.728578, 57
1651141355.752802, 57
1651141355.775094, 57
1651141355.798782, 57
1651141355.821709, 56
1651141355.843822, 57
1651141355.868575, 58
1651141355.890970, 59
1651141355.913037, 59
1651141355.935471, 58
1651141355.958909, 58
1651141355.984596, 57
1651141356.007065, 57
1651141356.029151, 57
1651141356.052610, 58
1651141356.076550, 57
1651141356.102235, 58
1651141356.125734, 58
1651141356.147473, 58
1651141356.174355, 59
1651141356.197787, 59
1651141356.220522, 59
1651141356.243621, 60
1651141356.266683, 57
1651141356.288970, 59
1651141356.313229, 58
1651141356.335253, 58
1651141356.364122, 58
1651141356.392257, 60
1651141356.413902, 60
1651141356.437545, 60
1651141356.460721, 60
1651141356.484397, 59
1651141356.507509, 60
1651141356.531311, 59
1651141356.561035, 59
1651141356.591018, 59
1651141356.619118, 60
1651141356.648740, 60
1651141356.680212, 61
1651141356.708526, 60
1651141356.735725, 60
1651141356.772062, 61
1651141356.799318, 59
1651141356.827474, 61
1651141356.855875, 60
1651141356.883308, 61
1651141356.914816, 59
1651141356.943502, 62
1651141356.975460, 62
1651141357.003017, 61
1651141357.032976, 61
1651141357.064285, 61
1651141357.092531, 62
1651141357.120765, 61
1651141357.149573, 61
1651141357.181752, 61
1651141357.210028, 61
1651141357.237407, 62
1651141357.266020, 63
1651141357.293606, 62
1651141357.319303, 63
1651141357.344504, 62
1651141357.367410, 62
1651141357.389345, 62
1651141357.411251, 61
1651141357.433169, 63
1651141357.455147, 61
1651141357.479175, 62
1651141357.503955, 63
1651141357.527077, 63
1651141357.550680, 63
1651141357.573022, 63
1651141357.601300, 63
1651141357.623756, 63
1651141357.649204, 62
1651141357.671048, 63
1651141357.694066, 63
1651141357.717133, 62
1651141357.753864, 63
1651141357.790216, 65
1651141357.822468, 64
1651141357.858137, 64
1651141357.895310, 65
1651141357.928779, 62
1651141357.965203, 64
1651141358.003094, 64
1651141358.038970, 64
1651141358.076069, 65
1651141358.114015, 65
1651141358.160188, 66
1651141358.199452, 65
1651141358.233970, 65
1651141358.274204, 65
1651141358.309462, 62
1651141358.350586, 66
1651141358.388673, 66
1651141358.425947, 66
1651141358.462975, 66
1651141358.506465, 66
1651141358.539499, 65
1651141358.578202, 66
1651141358.613150, 66
1651141358.651049, 65
1651141358.688289, 66
1651141358.727631, 66
1651141358.764911, 68
1651141358.798745, 68
1651141358.833333, 67
1651141358.869660, 66
1651141358.901610, 66
1651141358.936986, 67
1651141358.974881, 68
1651141359.016029, 67
1651141359.051298, 67
1651141359.091716, 66
1651141359.126034, 67
1651141359.162086, 68
1651141359.195415, 67
1651141359.232644, 68
1651141359.266307, 68
1651141359.302555, 69
1651141359.335717, 69
1651141359.370588, 68
1651141359.405705, 69
1651141359.443467, 69
1651141359.485201, 68
1651141359.525791, 68
1651141359.562638, 68
1651141359.605079, 70
1651141359.643409, 69
1651141359.681901, 70
1651141359.717980, 70
1651141359.753801, 68
1651141359.789198, 69
1651141359.826044, 69
1651141359.859010, 69
1651141359.896389, 70
1651141359.930142, 71
1651141359.967885, 70
1651141360.010244, 71
1651141360.045626, 71
1651141360.082068, 69
1651141360.117911, 70
1651141360.152860, 70
1651141360.192043, 71
1651141360.228817, 71
1651141360.264557, 71
1651141360.301062, 71
1651141360.336528, 71
1651141360.369845, 71
1651141360.409541, 70
1651141360.442865, 71
1651141360.491358, 71
1651141360.526876, 71
1651141360.562467, 72
1651141360.603239, 72
1651141360.637045, 72
1651141360.676434, 73
1651141360.711040, 71
1651141360.746257, 71
1651141360.776983, 72
1651141360.810450, 72
1651141360.845916, 72
1651141360.886610, 73
1651141360.925671, 73
1651141360.960227, 74
1651141360.998398, 72
1651141361.033050, 72
1651141361.071078, 73
1651141361.105783, 73
1651141361.139122, 73
1651141361.174781, 73
1651141361.216844, 73
1651141361.262891, 74
1651141361.297385, 74
1651141361.332203, 73
1651141361.366750, 73
1651141361.400258, 73
1651141361.434723, 73
1651141361.467943, 75
1651141361.511454, 76
1651141361.550990, 74
1651141361.587894, 75
1651141361.624999, 75
1651141361.661949, 75
1651141361.699180, 74
1651141361.734642, 75
1651141361.771412, 74
1651141361.809912, 75
1651141361.846384, 76
1651141361.883202, 75
1651141361.916750, 76
1651141361.954397, 76
1651141361.988819, 74
1651141362.026403, 75
1651141362.062581, 76
1651141362.099245, 75
1651141362.143700, 77
1651141362.179420, 77
1651141362.214875, 78
1651141362.257828, 79
1651141362.297624, 77
1651141362.339692, 77
1651141362.373313, 75
1651141362.405323, 76
1651141362.439120, 78
1651141362.475175, 78
1651141362.509685, 77
1651141362.553866, 77
1651141362.588668, 78
1651141362.633988, 77
1651141362.678014, 77
1651141362.713411, 77
1651141362.744324, 76
1651141362.777811, 78
1651141362.818043, 78
1651141362.857788, 78
1651141362.893896, 78
1651141362.930052, 78
1651141362.962048, 77
1651141362.997549, 77
1651141363.036326, 78
1651141363.074370, 77
1651141363.110681, 79
1651141363.150055, 79
1651141363.190426, 79
1651141363.232019, 79
1651141363.268745, 80
1651141363.304425, 79
1651141363.341085, 79
1651141363.374897, 79
1651141363.415436, 78
1651141363.458537, 79
1651141363.493234, 80
1651141363.529724, 79
1651141363.562787, 79
1651141363.603956, 80
1651141363.640115, 79
1651141363.678935, 79
1651141363.719182, 80
1651141363.754741, 80
1651141363.793869, 80
1651141363.833533, 79
1651141363.867916, 81
1651141363.910403, 80
1651141363.945562, 81
1651141363.976644, 80
1651141364.013835, 80
1651141364.051614, 81
1651141364.089814, 80
1651141364.125125, 82
1651141364.161883, 81
1651141364.197859, 82
1651141364.234131, 82
1651141364.266303, 81
1651141364.303161, 82
1651141364.339362, 82
1651141364.375184, 81
1651141364.411166, 80
1651141364.453535, 82
1651141364.493986, 82
1651141364.527781, 81
1651141364.569805, 82
1651141364.607595, 82
1651141364.646025, 81
1651141364.693147, 82
1651141364.726593, 83
1651141364.756473, 82
1651141364.790689, 82
1651141364.828496, 83
1651141364.869871, 82
1651141364.907195, 83
1651141364.941545, 83
1651141364.983459, 83
1651141365.019559, 82
1651141365.058883, 83
1651141365.089315, 82
1651141365.115035, 85
1651141365.141844, 84
1651141365.169922, 84
1651141365.196558, 84
1651141365.224054, 84
1651141365.250240, 84
1651141365.275757, 84
1651141365.301962, 84
1651141365.327286, 84
1651141365.356564, 83
1651141365.383286, 84
1651141365.407037, 83
1651141365.430679, 83
1651141365.456331, 84
1651141365.482917, 84
1651141365.508686, 84
1651141365.542147, 86
1651141365.566117, 85
1651141365.590382, 85
1651141365.617222, 86
1651141365.647702, 85
1651141365.672972, 84
1651141365.697956, 85
1651141365.722212, 85
1651141365.752283, 84
1651141365.778414, 85
1651141365.807445, 84
1651141365.830786, 86
1651141365.858697, 85
1651141365.882495, 86
1651141365.907463, 85
1651141365.938015, 86
1651141365.962996, 86
1651141365.988045, 86
1651141366.014851, 85
1651141366.038448, 85
1651141366.062949, 84
1651141366.091329, 85
1651141366.121959, 86
1651141366.148933, 86
1651141366.177598, 85
1651141366.202769, 86
1651141366.232928, 86
1651141366.258394, 86
1651141366.283168, 86
1651141366.309769, 86
1651141366.335736, 86
1651141366.361350, 85
1651141366.387753, 85
1651141366.419169, 86
1651141366.445151, 86
1651141366.469619, 88
1651141366.497924, 88
1651141366.524588, 87
1651141366.551889, 86
1651141366.579196, 88
1651141366.611206, 87
1651141366.636910, 87
1651141366.662116, 86
1651141366.689169, 87
1651141366.716452, 87
1651141366.744132, 86
1651141366.771828, 86
1651141366.801976, 87
1651141366.829899, 88
1651141366.856185, 89
1651141366.881291, 88
1651141366.908302, 88
1651141366.933272, 88
1651141366.957663, 88
1651141366.983047, 88
1651141367.008110, 88
1651141367.034901, 87
1651141367.071472, 88
1651141367.107811, 88
1651141367.136024, 89
1651141367.160407, 89
1651141367.187650, 89
1651141367.210659, 88
1651141367.232950, 88
1651141367.258146, 88
1651141367.281947, 88
1651141367.304822, 89
1651141367.328309, 90
1651141367.352180, 89
1651141367.380866, 88
1651141367.408030, 88
1651141367.429476, 88
1651141367.451018, 89
1651141367.474047, 89
1651141367.497615, 89
1651141367.520080, 89
1651141367.545734, 90
1651141367.570844, 90
1651141367.593174, 89
1651141367.617449, 90
1651141367.640712, 89
1651141367.667145, 89
1651141367.693213, 88
1651141367.718242, 89
1651141367.738715, 88
1651141367.761064, 89
1651141367.785261, 89
1651141367.810265, 90
1651141367.833500, 91
1651141367.857485, 91
1651141367.880538, 89
1651141367.903632, 90
1651141367.926938, 90
1651141367.948825, 90
1651141367.970963, 90
1651141367.993125, 91
1651141368.017358, 90
1651141368.040971, 90
1651141368.065369, 90
1651141368.087552, 90
1651141368.109360, 89
1651141368.132297, 90
1651141368.154668, 91
1651141368.178386, 91
1651141368.199762, 92
1651141368.221198, 91
1651141368.245746, 92
1651141368.267799, 92
1651141368.289811, 91
1651141368.313395, 92
1651141368.336842, 92
1651141368.361341, 91
1651141368.387065, 91
1651141368.416239, 90
1651141368.443186, 92
1651141368.474757, 90
1651141368.504455, 91
1651141368.533790, 92
1651141368.563991, 92
1651141368.594244, 91
1651141368.630837, 92
1651141368.661540, 91
1651141368.687564, 93
1651141368.714583, 91
1651141368.739951, 91
1651141368.768398, 92
1651141368.797391, 91
1651141368.828142, 91
1651141368.856213, 92
1651141368.887276, 93
1651141368.914450, 93
1651141368.942413, 94
1651141368.968770, 93
1651141368.999073, 93
1651141369.033190, 92
1651141369.059574, 94
1651141369.084918, 91
1651141369.114026, 92
1651141369.141184, 92
1651141369.167577, 92
1651141369.194562, 93
1651141369.231886, 93
1651141369.259914, 94
1651141369.291285, 93
1651141369.318902, 93
1651141369.349491, 94
1651141369.378341, 93
1651141369.406354, 93
1651141369.438821, 94
1651141369.467340, 93
1651141369.493365, 94
1651141369.520156, 93
1651141369.552069, 93
1651141369.579906, 94
1651141369.611595, 94
1651141369.643809, 94
1651141369.671721, 94
1651141369.700899, 94
1651141369.729519, 94
1651141369.756607, 94
1651141369.785875, 93
1651141369.814548, 93
1651141369.841199, 94
1651141369.872530, 95
1651141369.898680, 94
1651141369.925077, 95
1651141369.953860, 95
1651141369.981308, 95
1651141370.009507, 94
1651141370.038294, 95
1651141370.068201, 96
1651141370.095037, 95
1651141370.124327, 96
1651141370.158228, 94
1651141370.186758, 94
1651141370.217265, 95
1651141370.249464, 94
1651141370.277266, 95
1651141370.306847, 95
1651141370.335169, 95
1651141370.364861, 96
1651141370.390991, 95
1651141370.416048, 97
1651141370.442061, 96
1651141370.473770, 96
1651141370.499484, 95
1651141370.525771, 95
1651141370.560165, 96
1651141370.588389, 95
1651141370.616326, 95
1651141370.644424, 97
1651141370.675283, 97
1651141370.703459, 96
1651141370.729623, 96
1651141370.755074, 96
1651141370.785367, 96
1651141370.813134, 96
1651141370.844090, 98
1651141370.873403, 95
1651141370.902972, 95
1651141370.929954, 96
1651141370.957512, 96
1651141370.988287, 96
1651141371.017833, 97
1651141371.052342, 97
1651141371.081132, 98
1651141371.109866, 97
1651141371.137905, 97
1651141371.165541, 98
1651141371.195140, 98
1651141371.221534, 97
1651141371.248234, 96
1651141371.279408, 96
1651141371.307979, 97
1651141371.338077, 97
1651141371.379205, 96
1651141371.417211, 98
1651141371.467648, 97
1651141371.516494, 98
1651141371.565522, 98
1651141371.608579, 98
1651141371.648998, 97
1651141371.695344, 97
1651141371.722666, 98
1651141371.750445, 97
1651141371.777053, 98
1651141371.807006, 98
1651141371.836056, 100
1651141371.865326, 98
1651141371.897960, 99
1651141371.924032, 98
1651141371.949973, 99
1651141371.978682, 98
1651141372.009817, 98
1651141372.037485, 99
1651141372.062820, 98
1651141372.092117, 99
1651141372.121489, 98
1651141372.150363, 100
1651141372.179333, 99
1651141372.209339, 99
1651141372.238215, 99
1651141372.271341, 99
1651141372.301566, 100
1651141372.327511, 100
1651141372.355093, 99
1651141372.384446, 98
1651141372.415353, 97
1651141372.443904, 98
1651141372.470053, 98
1651141372.498528, 99
1651141372.527562, 99
1651141372.559434, 99
1651141372.589230, 98
1651141372.616316, 97
1651141372.643872, 97
1651141372.669809, 96
1651141372.696128, 96
1651141372.726233, 95
1651141372.753486, 94
1651141372.780851, 87
1651141372.807767, 81
1651141372.837575, 69
1651141372.864343, 59
1651141372.893820, 50
1651141372.921781, 47
1651141372.948338, 47
1651141372.976264, 47
1651141373.004025, 47
1651141373.033971, 47
1651141373.064959, 46
1651141373.089983, 46
1651141373.116466, 47
1651141373.152428, 48
1651141373.185867, 48
1651141373.214542, 48
1651141373.244609, 48
1651141373.272969, 47
1651141373.299996, 47
1651141373.328395, 47
1651141373.355247, 48
1651141373.387025, 48
1651141373.415212, 50
1651141373.445213, 50
1651141373.473115, 49
1651141373.499633, 49
1651141373.525849, 49
1651141373.552182, 48
1651141373.579892, 48
1651141373.609691, 48
1651141373.643748, 50
1651141373.669522, 50
1651141373.698069, 50
1651141373.726684, 51
1651141373.754786, 49
1651141373.784673, 49
1651141373.814168, 50
1651141373.841050, 50
1651141373.867156, 50
1651141373.895228, 51
1651141373.923591, 51
1651141373.952736, 52
1651141373.983247, 51
1651141374.017268, 50
1651141374.046813, 50
1651141374.073255, 51
1651141374.101790, 51
1651141374.133884, 51
1651141374.161754, 52
1651141374.189270, 52
1651141374.218704, 53
1651141374.246342, 51
1651141374.277964, 52
1651141374.309446, 51
1651141374.342235, 51
1651141374.381097, 53
1651141374.422283, 52
1651141374.456451, 53
1651141374.496254, 53
1651141374.534818, 52
1651141374.577057, 51
1651141374.609837, 52
1651141374.641857, 53
1651141374.674711, 54
1651141374.720510, 54
1651141374.758061, 55
1651141374.797612, 54
1651141374.829219, 53
1651141374.870622, 54
1651141374.903293, 53
1651141374.940312, 54
1651141374.978192, 56
1651141375.009144, 55
1651141375.042063, 55
1651141375.082065, 54
1651141375.121207, 54
1651141375.157943, 55
1651141375.190835, 54
1651141375.224938, 56
1651141375.260660, 57
1651141375.302647, 55
1651141375.337230, 56
1651141375.371333, 56
1651141375.404235, 55
1651141375.439689, 55
1651141375.476408, 55
1651141375.514425, 59
1651141375.552794, 58
1651141375.585180, 58
1651141375.610098, 57
1651141375.635998, 56
1651141375.664754, 56
1651141375.690157, 56
1651141375.715039, 56
1651141375.738741, 57
1651141375.766895, 58
1651141375.792823, 58
1651141375.818074, 58
1651141375.847367, 58
1651141375.875688, 58
1651141375.905987, 56
1651141375.934890, 56
1651141375.962607, 57
1651141375.992730, 57
1651141376.017955, 57
1651141376.044304, 59
1651141376.072279, 58
1651141376.098808, 58
1651141376.128610, 60
1651141376.154017, 59
1651141376.178321, 59
1651141376.202947, 58
1651141376.226687, 58
1651141376.252214, 58
1651141376.277624, 59
1651141376.302659, 60
1651141376.330593, 60
1651141376.358497, 60
1651141376.385539, 60
1651141376.410352, 60
1651141376.435657, 60
1651141376.459449, 59
1651141376.487232, 58
1651141376.511613, 59
1651141376.536538, 59
1651141376.564254, 59
1651141376.594631, 60
1651141376.620258, 61
1651141376.648065, 60
1651141376.676588, 61
1651141376.701330, 60
1651141376.729158, 60
1651141376.753819, 60
1651141376.780957, 60
1651141376.807512, 60
1651141376.834339, 61
1651141376.862385, 61
1651141376.890273, 61
1651141376.919051, 60
1651141376.948427, 61
1651141376.975449, 61
1651141377.001275, 60
1651141377.027672, 61
1651141377.053868, 62
1651141377.081676, 61
1651141377.109051, 62
1651141377.138398, 62
1651141377.164694, 63
1651141377.190357, 62
1651141377.215952, 63
1651141377.245411, 64
1651141377.271605, 63
1651141377.297975, 60
1651141377.323058, 62
1651141377.348528, 61
1651141377.375390, 62
1651141377.400697, 62
1651141377.433156, 63
1651141377.460857, 63
1651141377.490791, 63
1651141377.521800, 63
1651141377.549207, 63
1651141377.574500, 62
1651141377.602385, 63
1651141377.630610, 62
1651141377.656765, 63
1651141377.684819, 62
1651141377.711552, 65
1651141377.736663, 64
1651141377.760648, 65
1651141377.787380, 64
1651141377.825950, 65
1651141377.856837, 64
1651141377.891522, 64
1651141377.925515, 64
1651141377.959754, 63
1651141378.004314, 64
1651141378.037233, 65
1651141378.069092, 66
1651141378.101159, 66
1651141378.139067, 65
1651141378.170496, 64
1651141378.205360, 65
1651141378.238853, 65
1651141378.272989, 66
1651141378.313075, 66
1651141378.349123, 65
1651141378.382647, 66
1651141378.411568, 67
1651141378.442780, 65
1651141378.476517, 65
1651141378.510992, 65
1651141378.541165, 66
1651141378.571224, 67
1651141378.608239, 67
1651141378.642404, 66
1651141378.675556, 66
1651141378.705551, 67
1651141378.734296, 67
1651141378.762610, 66
1651141378.794115, 67
1651141378.826582, 66
1651141378.858513, 65
1651141378.900822, 67
1651141378.937302, 68
1651141378.970718, 68
1651141379.002253, 67
1651141379.031207, 66
1651141379.067378, 68
1651141379.098464, 67
1651141379.132833, 67
1651141379.167354, 69
1651141379.210694, 68
1651141379.244574, 69
1651141379.276410, 68
1651141379.306019, 68
1651141379.337574, 68
1651141379.374611, 66
1651141379.404983, 68
1651141379.436201, 68
1651141379.465733, 68
1651141379.502347, 70
1651141379.539366, 69
1651141379.570805, 69
1651141379.605129, 68
1651141379.639077, 70
1651141379.668973, 69
1651141379.700735, 69
1651141379.730692, 69
1651141379.767960, 67
1651141379.801963, 70
1651141379.831677, 70
1651141379.860544, 70
1651141379.886110, 70
1651141379.913476, 71
1651141379.938667, 71
1651141379.964597, 70
1651141379.989402, 70
1651141380.020610, 71
1651141380.045454, 70
1651141380.069470, 70
1651141380.091582, 71
1651141380.119059, 70
1651141380.147378, 70
1651141380.170771, 72
1651141380.193925, 71
1651141380.220969, 71
1651141380.244453, 71
1651141380.268265, 70
1651141380.292288, 71
1651141380.315897, 71
1651141380.349420, 71
1651141380.374216, 70
1651141380.398555, 73
1651141380.423606, 72
1651141380.448543, 72
1651141380.477327, 72
1651141380.501917, 71
1651141380.527541, 71
1651141380.552722, 73
1651141380.579440, 71
1651141380.610348, 71
1651141380.647387, 72
1651141380.677914, 71
1651141380.713433, 72
1651141380.744933, 73
1651141380.774535, 74
1651141380.805935, 73
1651141380.844828, 73
1651141380.876272, 70
1651141380.905359, 72
1651141380.934203, 73
1651141380.964147, 73
1651141380.998373, 73
1651141381.037974, 74
1651141381.069130, 74
1651141381.106936, 74
1651141381.150024, 74
1651141381.181768, 72
1651141381.215059, 74
1651141381.244773, 73
1651141381.274564, 73
1651141381.304274, 73
1651141381.339968, 74
1651141381.369530, 74
1651141381.400260, 74
1651141381.432429, 74
1651141381.463031, 75
1651141381.493164, 74
1651141381.522955, 73
1651141381.550852, 74
1651141381.580862, 74
1651141381.614973, 74
1651141381.646782, 76
1651141381.676225, 76
1651141381.708953, 76
1651141381.738851, 75
1651141381.769551, 75
1651141381.803732, 75
1651141381.837962, 75
1651141381.867768, 75
1651141381.897163, 74
1651141381.926777, 74
1651141381.964036, 77
1651141381.995268, 76
1651141382.026779, 76
1651141382.061654, 76
1651141382.093259, 76
1651141382.123159, 75
1651141382.155132, 74
1651141382.188000, 75
1651141382.220399, 77
1651141382.250616, 76
1651141382.284853, 78
1651141382.319241, 77
1651141382.350567, 77
16511413